00001011 10101000 01011101 01111011 00000011 10100110 00101001 01100111
00000001 10110010 11000101 11100111 10110101 11011100 00010001 00011100
10101010 10010111 00010111 01000010 10100111 00000101 00100110 00110000
01011111 01110100 10100100 10110110 00010011 10010101 01111100 00010010
10001001 10010010 10011110 00100111 01100111 00000100 00010010 01101001
10100111 00001110 10110000 01001001 10001110 01110101 01100011 01010101
01110000 10111011 10110101 11101110 10001100 00111010 10011111 11011100
01110100 01101110 00010100 00001111 00110111 11111101 01001101 10001101
00010010 01011100 11110100 01001101 01010110 11010011 01011111 11010110
00100111 10101011 01000001 10000111 01111111 11111011 11001010 11110001
01111110 01111011 01100010 10000011 01110001 01010101 11100111 10010010
00011101 10010110 10010010 10110011 00101100 11011000 11111001 11000100
10011000 11100010 00111111 10001010 00110110 00010111 11110000 10100010
10101101 10101111 01001000 00100000 10011101 00011010 10001011 11001110
00101110 11101010 00101011 00000010 01011011 00010100 10000101 11100000
11011011 00000110 10001101 11000000 11011101 10111101 00110100 11000110
11011000 10111101 00100000 00111001 00001001 11111010 10000010 11101101
01010101 10001010 10010000 01010000 11111101 00110101 10100100 10000110
00111001 01110111 11010101 11011111 10100011 01111010 10000011 11101011
10101101 10100000 11101010 11000100 11001111 01110001 10000110 11000011
01110111 00010001 11100011 01011011 11111001 11001010 00101000 11111001
00001000 00100010 11000000 00101111 00011101 10000011 10011101 01110001
01101101 00001010 01010010 00001100 01100100 11101101 10001010 10010110
01011100 01000100 11110101 01010110 10111111 01100010 11010000 10111001
11001001 10111000 10110100 11110101 01001101 00010011 11011111 01011101
00000100 01100000 01000111 11000111 10111111 11011001 01011111 01100110
11011001 00101110 10101110 00010111 01101001 01000000 01010001 10000011
11110010 00011011 01100111 00010101 11001001 10110110 11000110 10111010
10111111 11100010 11111001 01100010 10011101 01101100 11001111 10011100
11111010 01101101 10000100 01111001 11000010 01110000 11010101 11101111
01110110 11111001 10101101 01010000 01010100 00011010 10000010 11011101
01011100 01101100 10110110 01010110 10011011 00001011 11111110 00111111 
